a = 1.000000	b = 2.000000	c = -7.000000

D = 32.000000
x1 = -3.828427	x2 = 1.828427